data_preparation:
  test_size: 0.25
  random_state: 30

model_building:
  lgbm_params:
    num_leaves: 80
    max_depth: 7
    learning_rate: 0.07521051144940308
    n_estimators: 350
    lambda_l1: 4.994553000952651
    lambda_l2: 1.8523641834042492
    min_data_in_leaf: 45
    feature_fraction: 0.7095710565305883
    bagging_fraction: 0.9976539330187573
    bagging_freq: 4

  rf_params:
    n_estimators: 400
    max_depth: 21
    min_samples_split: 18
    min_samples_leaf: 10
    bootstrap: true
    max_samples: 0.7634340439115328
    min_impurity_decrease: 0.00003465395379320018
